track 1;
431 0.000457 0.353319;
0 0.062827 0.353319;
7 0.062827 0.363079;
0 0.131434 0.363079;
9 0.131434 0.370888;
0 0.187567 0.370888;
7 0.187567 0.378696;
0 0.237463 0.378696;
8 0.237463 0.3826;
0 0.281122 0.3826;
8 0.281122 0.388456;
0 0.310228 0.388456;
13 0.310228 0.39236;
0 0.345571 0.39236;
3 0.345571 0.398216;
0 0.376756 0.398216;
8 0.376756 0.406024;
0 0.405862 0.406024;
8 0.405862 0.413833;
0 0.439127 0.413833;
8 0.439127 0.421641;
0 0.47447 0.421641;
8 0.47447 0.433353;
0 0.511892 0.433353;
9 0.511892 0.441161;
0 0.543077 0.441161;
8 0.543077 0.448969;
0 0.576341 0.448969;
9 0.576341 0.456777;
0 0.607526 0.456777;
7 0.607526 0.464586;
0 0.634553 0.464586;
9 0.634553 0.470442;
0 0.655343 0.470442;
8 0.655343 0.47825;
0 0.676133 0.47825;
9 0.676133 0.486058;
0 0.690686 0.486058;
7 0.690686 0.495818;
0 0.70316 0.495818;
10 0.70316 0.505578;
0 0.711476 0.505578;
6 0.711476 0.513387;
0 0.728108 0.513387;
12 0.728108 0.521195;
0 0.742661 0.521195;
5 0.742661 0.527051;
0 0.750977 0.527051;
6 0.750977 0.530955;
0 0.759293 0.530955;
8 0.759293 0.530955;
0 0.759293 0.530955;
8 0.759293 0.534859;
0 0.761372 0.534859;
8 0.761372 0.534859;
0 0.763451 0.534859;
8 0.763451 0.534859;
0 0.763451 0.534859;
8 0.763451 0.538763;
0 0.76553 0.538763;
8 0.76553 0.540715;
0 0.76553 0.540715;
13 0.76553 0.546571;
0 0.769688 0.546571;
2 0.769688 0.550475;
0 0.771767 0.550475;
8 0.771767 0.554379;
0 0.775925 0.554379;
8 0.775925 0.556331;
0 0.778004 0.556331;
8 0.778004 0.558283;
0 0.778004 0.558283;
7 0.778004 0.558283;
0 0.778004 0.558283;
25 0.778004 0.558283;
0 0.778004 0.558283;
8 0.778004 0.558283;
0 0.778004 0.558283;
9 0.778004 0.560236;
0 0.778004 0.560236;
7 0.778004 0.560236;
0 0.778004 0.560236;
15 0.778004 0.560236;
0 0.778004 0.560236;
0 0.778004 0.562188;
0 0.778004 0.562188;
57 0.778004 0.562188;
0 0.775925 0.562188;
8 0.775925 0.562188;
0 0.769688 0.562188;
8 0.769688 0.562188;
0 0.757214 0.562188;
8 0.757214 0.562188;
0 0.74474 0.562188;
8 0.74474 0.562188;
0 0.728108 0.562188;
14 0.728108 0.562188;
0 0.711476 0.562188;
2 0.711476 0.562188;
0 0.699002 0.562188;
8 0.699002 0.562188;
0 0.684449 0.562188;
8 0.684449 0.562188;
0 0.671975 0.562188;
8 0.671975 0.562188;
0 0.659501 0.562188;
8 0.659501 0.562188;
0 0.649106 0.562188;
8 0.649106 0.562188;
0 0.644948 0.562188;
8 0.644948 0.56414;
0 0.64079 0.56414;
9 0.64079 0.56414;
0 0.64079 0.56414;
7 0.64079 0.56414;
0 0.64079 0.56414;
28 0.64079 0.56414;
0 0.64079 0.56414;
4 0.64079 0.56414;
0 0.64079 0.56414;
11 0.64079 0.566092;
0 0.64079 0.566092;
5 0.64079 0.568044;
0 0.64079 0.568044;
12 0.64079 0.568044;
0 0.64079 0.568044;
4 0.64079 0.568044;
0 0.64079 0.568044;
8 0.64079 0.569996;
0 0.64079 0.569996;
8 0.64079 0.571948;
0 0.644948 0.571948;
8 0.644948 0.5739;
0 0.647027 0.5739;
10 0.647027 0.575852;
0 0.647027 0.575852;
6 0.647027 0.575852;
0 0.649106 0.575852;
8 0.649106 0.577804;
0 0.651185 0.577804;
22 0.651185 0.577804;
0 0.653264 0.577804;
2 0.653264 0.579756;
0 0.653264 0.579756;
9 0.653264 0.579756;
0 0.655343 0.579756;
7 0.655343 0.579756;
0 0.657422 0.579756;
9 0.657422 0.579756;
0 0.66158 0.579756;
7 0.66158 0.579756;
0 0.663659 0.579756;
8 0.663659 0.579756;
0 0.665738 0.579756;
8 0.665738 0.579756;
0 0.669896 0.579756;
9 0.669896 0.579756;
0 0.671975 0.579756;
7 0.671975 0.579756;
0 0.674054 0.579756;
9 0.674054 0.579756;
0 0.678212 0.579756;
7 0.678212 0.579756;
0 0.680291 0.579756;
10 0.680291 0.579756;
0 0.680291 0.579756;
6 0.680291 0.579756;
0 0.680291 0.579756;
9 0.680291 0.579756;
0 0.680291 0.579756;
6 0.680291 0.579756;
0 0.68237 0.579756;
11 0.68237 0.579756;
0 0.68237 0.579756;
8 0.68237 0.579756;
0 0.684449 0.579756;
5 0.684449 0.581708;
0 0.684449 0.581708;
8 0.684449 0.581708;
0 0.686528 0.581708;
8 0.686528 0.581708;
0 0.686528 0.581708;
9 0.686528 0.581708;
0 0.688607 0.581708;
7 0.688607 0.581708;
0 0.688607 0.581708;
57 0.688607 0.581708;
0 0.690686 0.581708;
24 0.690686 0.581708;
0 0.690686 0.581708;
7 0.690686 0.58366;
0 0.690686 0.58366;
24 0.690686 0.58366;
0 0.692765 0.58366;
15 0.692765 0.58366;
0 0.692765 0.58366;
17 0.692765 0.58366;
0 0.692765 0.58366;
0 0.692765 0.58366;
0 0.692765 0.58366;
71 0.692765 0.569996;
0 0.696923 0.569996;
8 0.696923 0.562188;
0 0.701081 0.562188;
8 0.701081 0.550475;
0 0.705239 0.550475;
8 0.705239 0.538763;
0 0.707318 0.538763;
8 0.707318 0.527051;
0 0.711476 0.527051;
10 0.711476 0.515339;
0 0.715634 0.515339;
6 0.715634 0.505578;
0 0.717713 0.505578;
8 0.717713 0.493866;
0 0.721871 0.493866;
8 0.721871 0.482154;
0 0.72395 0.482154;
18 0.72395 0.458729;
0 0.726029 0.458729;
7 0.726029 0.448969;
0 0.726029 0.448969;
7 0.726029 0.435305;
0 0.726029 0.435305;
13 0.726029 0.421641;
0 0.726029 0.421641;
3 0.726029 0.41188;
0 0.726029 0.41188;
10 0.726029 0.404072;
0 0.726029 0.404072;
6 0.726029 0.394312;
0 0.726029 0.394312;
13 0.726029 0.384552;
0 0.72395 0.384552;
3 0.72395 0.378696;
0 0.721871 0.378696;
8 0.721871 0.37284;
0 0.719792 0.37284;
8 0.719792 0.366984;
0 0.717713 0.366984;
8 0.717713 0.363079;
0 0.715634 0.363079;
8 0.715634 0.359175;
0 0.711476 0.359175;
8 0.711476 0.355271;
0 0.711476 0.355271;
8 0.711476 0.351367;
0 0.709397 0.351367;
8 0.709397 0.345511;
0 0.707318 0.345511;
9 0.707318 0.341607;
0 0.701081 0.341607;
7 0.701081 0.333799;
0 0.696923 0.333799;
8 0.696923 0.329895;
0 0.690686 0.329895;
8 0.690686 0.325991;
0 0.688607 0.325991;
11 0.688607 0.322087;
0 0.684449 0.322087;
4 0.684449 0.318183;
0 0.680291 0.318183;
8 0.680291 0.314278;
0 0.674054 0.314278;
8 0.674054 0.310374;
0 0.671975 0.310374;
11 0.671975 0.30647;
0 0.667817 0.30647;
5 0.667817 0.304518;
0 0.665738 0.304518;
9 0.665738 0.298662;
0 0.66158 0.298662;
7 0.66158 0.294758;
0 0.657422 0.294758;
19 0.657422 0.284998;
0 0.638711 0.284998;
7 0.638711 0.281094;
0 0.630395 0.281094;
6 0.630395 0.27719;
0 0.617921 0.27719;
8 0.617921 0.271334;
0 0.605447 0.271334;
8 0.605447 0.265477;
0 0.592973 0.265477;
8 0.592973 0.259621;
0 0.588815 0.259621;
8 0.588815 0.259621;
0 0.582578 0.259621;
8 0.582578 0.255717;
0 0.574262 0.255717;
8 0.574262 0.253765;
0 0.563867 0.253765;
9 0.563867 0.251813;
0 0.555551 0.251813;
6 0.555551 0.249861;
0 0.545156 0.249861;
8 0.545156 0.245957;
0 0.534761 0.245957;
9 0.534761 0.242053;
0 0.522287 0.242053;
8 0.522287 0.240101;
0 0.509813 0.240101;
7 0.509813 0.238149;
0 0.497339 0.238149;
8 0.497339 0.238149;
0 0.480707 0.238149;
10 0.480707 0.238149;
0 0.472391 0.238149;
6 0.472391 0.238149;
0 0.459917 0.238149;
8 0.459917 0.238149;
0 0.445364 0.238149;
8 0.445364 0.238149;
0 0.430811 0.238149;
16 0.430811 0.238149;
0 0.424574 0.238149;
0 0.424574 0.238149;
0 0.414178 0.238149;
9 0.414178 0.238149;
0 0.407941 0.238149;
7 0.407941 0.240101;
0 0.399625 0.240101;
12 0.399625 0.244005;
0 0.38923 0.244005;
4 0.38923 0.245957;
0 0.387151 0.245957;
10 0.387151 0.249861;
0 0.378835 0.249861;
6 0.378835 0.255717;
0 0.366361 0.255717;
8 0.366361 0.261573;
0 0.358045 0.261573;
12 0.358045 0.267429;
0 0.34765 0.267429;
4 0.34765 0.27719;
0 0.339334 0.27719;
8 0.339334 0.283046;
0 0.328939 0.283046;
8 0.328939 0.292806;
0 0.320623 0.292806;
8 0.320623 0.302566;
0 0.312307 0.302566;
8 0.312307 0.312326;
0 0.30607 0.312326;
8 0.30607 0.324039;
0 0.295675 0.324039;
8 0.295675 0.333799;
0 0.289438 0.333799;
9 0.289438 0.341607;
0 0.283201 0.341607;
10 0.283201 0.355271;
0 0.276964 0.355271;
5 0.276964 0.368936;
0 0.268648 0.368936;
8 0.268648 0.384552;
0 0.262411 0.384552;
10 0.262411 0.396264;
0 0.258253 0.396264;
6 0.258253 0.409928;
0 0.252016 0.409928;
8 0.252016 0.423593;
0 0.249937 0.423593;
8 0.249937 0.435305;
0 0.249937 0.435305;
12 0.249937 0.450921;
0 0.249937 0.450921;
4 0.249937 0.462634;
0 0.249937 0.462634;
9 0.249937 0.476298;
0 0.249937 0.476298;
7 0.249937 0.489962;
0 0.249937 0.489962;
12 0.249937 0.501674;
0 0.249937 0.501674;
4 0.249937 0.511435;
0 0.249937 0.511435;
10 0.249937 0.525099;
0 0.254095 0.525099;
6 0.254095 0.540715;
0 0.254095 0.540715;
14 0.254095 0.552427;
0 0.258253 0.552427;
0 0.258253 0.566092;
0 0.262411 0.566092;
10 0.262411 0.575852;
0 0.266569 0.575852;
8 0.266569 0.587564;
0 0.274885 0.587564;
8 0.274885 0.599276;
0 0.281122 0.599276;
11 0.281122 0.605132;
0 0.28528 0.605132;
5 0.28528 0.614893;
0 0.287359 0.614893;
8 0.287359 0.622701;
0 0.293596 0.622701;
8 0.293596 0.632461;
0 0.301912 0.632461;
8 0.301912 0.640269;
0 0.308149 0.640269;
10 0.308149 0.650029;
0 0.316465 0.650029;
6 0.316465 0.657838;
0 0.322702 0.657838;
8 0.322702 0.663694;
0 0.333097 0.663694;
11 0.333097 0.673454;
0 0.343492 0.673454;
5 0.343492 0.681262;
0 0.355966 0.681262;
8 0.355966 0.685166;
0 0.362203 0.685166;
8 0.362203 0.691022;
0 0.372598 0.691022;
18 0.372598 0.700782;
0 0.395467 0.700782;
7 0.395467 0.704686;
0 0.405862 0.704686;
7 0.405862 0.708591;
0 0.414178 0.708591;
12 0.414178 0.714447;
0 0.424574 0.714447;
4 0.424574 0.716399;
0 0.437048 0.716399;
10 0.437048 0.718351;
0 0.443285 0.718351;
6 0.443285 0.722255;
0 0.45368 0.722255;
8 0.45368 0.724207;
0 0.466154 0.724207;
8 0.466154 0.728111;
0 0.484865 0.728111;
8 0.484865 0.732015;
0 0.499418 0.732015;
8 0.499418 0.733967;
0 0.513971 0.733967;
9 0.513971 0.735919;
0 0.528524 0.735919;
13 0.528524 0.737871;
0 0.545156 0.737871;
2 0.545156 0.739823;
0 0.559709 0.739823;
8 0.559709 0.741775;
0 0.576341 0.741775;
8 0.576341 0.745679;
0 0.586736 0.745679;
8 0.586736 0.745679;
0 0.59921 0.745679;
8 0.59921 0.745679;
0 0.613763 0.745679;
8 0.613763 0.745679;
0 0.628316 0.745679;
8 0.628316 0.745679;
0 0.634553 0.745679;
10 0.634553 0.745679;
0 0.649106 0.745679;
6 0.649106 0.741775;
0 0.66158 0.741775;
8 0.66158 0.739823;
0 0.669896 0.739823;
8 0.669896 0.735919;
0 0.680291 0.735919;
11 0.680291 0.733967;
0 0.690686 0.733967;
5 0.690686 0.730063;
0 0.705239 0.730063;
9 0.705239 0.726159;
0 0.711476 0.726159;
7 0.711476 0.724207;
0 0.719792 0.724207;
13 0.719792 0.720303;
0 0.726029 0.720303;
3 0.726029 0.716399;
0 0.730187 0.716399;
10 0.730187 0.712495;
0 0.734345 0.712495;
6 0.734345 0.708591;
0 0.740582 0.708591;
13 0.740582 0.704686;
0 0.746819 0.704686;
3 0.746819 0.700782;
0 0.753056 0.700782;
8 0.753056 0.696878;
0 0.759293 0.696878;
8 0.759293 0.692974;
0 0.76553 0.692974;
8 0.76553 0.68907;
0 0.769688 0.68907;
14 0.769688 0.683214;
0 0.775925 0.683214;
0 0.775925 0.67931;
0 0.778004 0.67931;
10 0.778004 0.675406;
0 0.782162 0.675406;
8 0.782162 0.671502;
0 0.784241 0.671502;
9 0.784241 0.665646;
0 0.788399 0.665646;
9 0.788399 0.657838;
0 0.792557 0.657838;
7 0.792557 0.650029;
0 0.796715 0.650029;
8 0.796715 0.644173;
0 0.798794 0.644173;
10 0.798794 0.636365;
0 0.802952 0.636365;
6 0.802952 0.628557;
0 0.805031 0.628557;
8 0.805031 0.618797;
0 0.805031 0.618797;
8 0.805031 0.609037;
0 0.80711 0.609037;
11 0.80711 0.597324;
0 0.80711 0.597324;
5 0.80711 0.585612;
0 0.809189 0.585612;
9 0.809189 0.5739;
0 0.809189 0.5739;
7 0.809189 0.56414;
0 0.811268 0.56414;
12 0.811268 0.556331;
0 0.813347 0.556331;
4 0.813347 0.544619;
0 0.813347 0.544619;
10 0.813347 0.534859;
0 0.813347 0.534859;
6 0.813347 0.523147;
0 0.813347 0.523147;
13 0.813347 0.515339;
0 0.813347 0.515339;
3 0.813347 0.503626;
0 0.813347 0.503626;
8 0.813347 0.491914;
0 0.809189 0.491914;
8 0.809189 0.480202;
0 0.80711 0.480202;
8 0.80711 0.46849;
0 0.800873 0.46849;
8 0.800873 0.454825;
0 0.796715 0.454825;
8 0.796715 0.445065;
0 0.792557 0.445065;
8 0.792557 0.435305;
0 0.790478 0.435305;
8 0.790478 0.425545;
0 0.78632 0.425545;
15 0.78632 0.413833;
0 0.780083 0.413833;
3 0.780083 0.40212;
0 0.775925 0.40212;
6 0.775925 0.39236;
0 0.771767 0.39236;
8 0.771767 0.380648;
0 0.76553 0.380648;
10 0.76553 0.368936;
0 0.755135 0.368936;
5 0.755135 0.355271;
0 0.74474 0.355271;
8 0.74474 0.339655;
0 0.732266 0.339655;
8 0.732266 0.325991;
0 0.719792 0.325991;
12 0.719792 0.314278;
0 0.70316 0.314278;
4 0.70316 0.300614;
0 0.692765 0.300614;
9 0.692765 0.288902;
0 0.680291 0.288902;
7 0.680291 0.27719;
0 0.669896 0.27719;
12 0.669896 0.269382;
0 0.659501 0.269382;
4 0.659501 0.259621;
0 0.647027 0.259621;
10 0.647027 0.249861;
0 0.634553 0.249861;
6 0.634553 0.240101;
0 0.62 0.240101;
8 0.62 0.228389;
0 0.603368 0.228389;
10 0.603368 0.218628;
0 0.590894 0.218628;
6 0.590894 0.208868;
0 0.576341 0.208868;
8 0.576341 0.199108;
0 0.563867 0.199108;
8 0.563867 0.189348;
0 0.547235 0.189348;
15 0.547235 0.183492;
0 0.538919 0.183492;
0 0.538919 0.175684;
0 0.524366 0.175684;
9 0.524366 0.169827;
0 0.513971 0.169827;
8 0.513971 0.163971;
0 0.503576 0.163971;
9 0.503576 0.160067;
0 0.493181 0.160067;
9 0.493181 0.156163;
0 0.482786 0.156163;
6 0.482786 0.152259;
0 0.470312 0.152259;
8 0.470312 0.150307;
0 0.464075 0.150307;
10 0.464075 0.148355;
0 0.45368 0.148355;
6 0.45368 0.144451;
0 0.443285 0.144451;
8 0.443285 0.140547;
0 0.434969 0.140547;
8 0.434969 0.140547;
0 0.426653 0.140547;
12 0.426653 0.136643;
0 0.412099 0.136643;
4 0.412099 0.134691;
0 0.395467 0.134691;
9 0.395467 0.134691;
0 0.380914 0.134691;
7 0.380914 0.134691;
0 0.364282 0.134691;
12 0.364282 0.134691;
0 0.355966 0.134691;
4 0.355966 0.134691;
0 0.345571 0.134691;
11 0.345571 0.134691;
0 0.337255 0.134691;
6 0.337255 0.134691;
0 0.32686 0.134691;
8 0.32686 0.134691;
0 0.320623 0.134691;
8 0.320623 0.134691;
0 0.312307 0.134691;
8 0.312307 0.136643;
0 0.303991 0.136643;
8 0.303991 0.138595;
0 0.297754 0.138595;
8 0.297754 0.138595;
0 0.291517 0.138595;
8 0.291517 0.138595;
0 0.289438 0.138595;
9 0.289438 0.142499;
0 0.28528 0.142499;
7 0.28528 0.142499;
0 0.283201 0.142499;
8 0.283201 0.144451;
0 0.281122 0.144451;
9 0.281122 0.144451;
0 0.279043 0.144451;
8 0.279043 0.146403;
0 0.274885 0.146403;
7 0.274885 0.150307;
0 0.272806 0.150307;
8 0.272806 0.150307;
0 0.272806 0.150307;
13 0.272806 0.150307;
0 0.270727 0.150307;
3 0.270727 0.152259;
0 0.268648 0.152259;
8 0.268648 0.152259;
0 0.268648 0.152259;
8 0.268648 0.154211;
0 0.266569 0.154211;
11 0.266569 0.156163;
0 0.266569 0.156163;
5 0.266569 0.156163;
0 0.266569 0.156163;
9 0.266569 0.160067;
0 0.262411 0.160067;
7 0.262411 0.162019;
0 0.260332 0.162019;
18 0.260332 0.167875;
0 0.254095 0.167875;
8 0.254095 0.169827;
0 0.254095 0.169827;
6 0.254095 0.175684;
0 0.252016 0.175684;
8 0.252016 0.179588;
0 0.247858 0.179588;
8 0.247858 0.183492;
0 0.245779 0.183492;
8 0.245779 0.183492;
0 0.2437 0.183492;
8 0.2437 0.187396;
0 0.2437 0.187396;
8 0.2437 0.1913;
0 0.239542 0.1913;
8 0.239542 0.195204;
0 0.235384 0.195204;
10 0.235384 0.195204;
0 0.235384 0.195204;
0 0.235384 0.195204;
0 0.235384 0.195204;
0 0.235384 0.199108;
0 0.235384 0.199108;
7 0.235384 0.199108;
0 0.233305 0.199108;
8 0.233305 0.204964;
0 0.227068 0.204964;
9 0.227068 0.208868;
0 0.22291 0.208868;
8 0.22291 0.212772;
0 0.218752 0.212772;
7 0.218752 0.216676;
0 0.212515 0.216676;
8 0.212515 0.222533;
0 0.200041 0.222533;
8 0.200041 0.228389;
0 0.193804 0.228389;
8 0.193804 0.234245;
0 0.179251 0.234245;
8 0.179251 0.238149;
0 0.168856 0.238149;
8 0.168856 0.245957;
0 0.150145 0.245957;
9 0.150145 0.251813;
0 0.135592 0.251813;
7 0.135592 0.257669;
0 0.112723 0.257669;
9 0.112723 0.265477;
0 0.087775 0.265477;
8 0.087775 0.271334;
0 0.058669 0.271334;
10 0.058669 0.27719;
0 0.037879 0.27719;
6 0.037879 0.284998;
0 0.008773 0.284998;
end;
